image: myroom2.pgm
resolution: 0.10000
origin: [0.000000, 0.000000, 0.000000]
negate: 0
occupied_thresh: 0.65
free_thresh: 0.196

width: 160.3
height: 160.773
origin_x: -77.702
origin_y: -56.819

